sr_group_cols <- list(
        'D614G sera' = '#393b79',
        'Alpha sera' = '#637939',
        'Delta sera' = '#d18652',
        'Beta sera' = '#e7ba52',
        'BA.1 sera' = '#EF3737',
        'BA.2-12 sera' = "#8F4F81",
        'BA.2 sera' = "#8F4F81",
        'B.1+E484K sera' = '#5ce0e0',
        'D614G' = '#393b79',
        'Alpha' = '#637939',
        'Delta' = '#d18652',
        'Beta' = '#e7ba52',
        'BA.1' = '#EF3737',
        'BA.2-12' = "#8F4F81",
        'BA.2' = "#8F4F81",
        'B.1+E484K' = '#5ce0e0'
        'XBB.2 sera' = "#3d656e",
        'EG.5.1 sera' = 'darkslateblue',
        'BA.2.86 sera' = '#ff7f0e',
        'JN.1 sera' = 'gold'
)


sr_group_order <- c(
        'D614G sera', 'Alpha sera', 'Delta sera',
        'Beta sera', 'B.1+E484K sera',
        'BA.2 sera', 'BA.2-12 sera',
        'BA.1 sera', 'BA.5 sera', 'XBB.2 sera'
)
